Fecha,AC,ALFAA,AMXL,CEMEX,FEMSAUBD,GFINBURO,GFNORTE,GMEXICO,KIMBERA,LABB,ORBIA,SITESB,TLEVISACP0,Q,WALMEX
03.09.2021,123.76,13.88,18.77,16.12,170.03,18.99,125.91,91.17,34.2,19.32,58.49,18.88,50.07,95.67,69.64
02.09.2021,124.64,14.1,19.04,16.16,171.25,19.07,126.28,90.25,34.55,19.46,58.55,17.77,51.57,95.79,69.68
01.09.2021,127.78,14.06,18.99,16.21,169.32,19.06,128.06,90.58,34.36,19.33,57.11,17.47,51.27,96.21,71.29
31.08.2021,129.37,14.1,19.77,16.5,174.87,19.23,132.58,93.55,35.47,19.43,57.34,18.47,52.94,95.25,71.46
30.08.2021,126.67,14.23,19.44,16.45,173.44,19.24,128.53,92.74,34.59,19.53,56.98,17.91,51.69,94.67,70.67
27.08.2021,126.23,14.16,19.11,16.71,173.6,19.02,128.43,90.29,34.5,19.32,56.98,17.51,51.58,94,71.3
26.08.2021,126.17,14.05,19.07,16.4,174.29,18.8,129.11,89.09,34.02,19.46,56.24,17.42,50.88,94.18,72.57
25.08.2021,126.3,14.11,18.77,16.71,174.61,18.8,128.33,90.4,33.99,19.66,55.21,17.35,51.1,94.07,73.01
24.08.2021,125.17,13.85,18.72,16.41,174.29,18.96,125.58,88.21,33.37,19.5,55.31,17.12,52,95.13,72.62
23.08.2021,125.95,13.81,18.78,16.21,175.43,19.04,127.94,88.56,33.85,19.22,56.38,17.01,51.68,95.21,71.78
20.08.2021,125.31,13.38,18.65,15.79,174.35,19.17,125.03,87.71,33.97,19.67,55.4,16.28,50.02,95.09,70.9
19.08.2021,124.27,13.28,18.16,15.54,173.45,19.43,126.59,86.41,33.85,19.72,54.37,15.82,49.74,94.69,71.57
18.08.2021,124.33,13.45,18.01,15.88,175.39,19.56,130.99,90.97,34.07,19.5,55.99,15.95,51.35,95.76,73.3
17.08.2021,123.45,13.74,17.78,15.81,174.5,19.32,132.91,90.58,33.83,18.97,55.54,15.95,50.73,94.49,70.3
16.08.2021,124.69,14.05,17.29,16,174.34,19.27,130.55,92.13,32.37,18.78,55.85,15.71,50.77,95.3,69.91
13.08.2021,122.96,14.18,17.24,16.1,174.43,19.3,131.29,93.24,32.15,18.99,55.45,15.87,51.04,95.31,70.23
12.08.2021,122.38,14.19,16.98,16.02,173.45,19.17,130.08,92.5,32.04,18.74,55.31,15.92,50.39,95.72,68.99
11.08.2021,122.14,14.57,16.87,16.27,174.19,19.41,129.57,95.57,31.54,19.05,55.26,16.1,51.89,95.7,68.17
10.08.2021,121.88,14.57,16.79,16.04,174.59,19.39,129.62,93.8,31.25,19.5,55.75,16.31,52.34,95.1,67.65
09.08.2021,121,14.51,16.57,15.99,173.51,19.47,129.03,93.75,31.84,19.36,54.04,16.4,52.41,96.18,67.67
06.08.2021,121.57,14.73,16.85,16.02,174.59,19.41,129.22,94.8,31.66,19.37,54.92,16.38,52.51,96.14,66.87
05.08.2021,122.09,14.89,17.06,16.08,172.87,19.64,128.34,95.03,31.28,19.59,55.33,16.5,52.45,96.04,66.75
04.08.2021,122.75,14.91,16.87,16.32,174.71,19.77,129.09,94.28,31.35,19.94,55.25,16.7,51.86,96.12,66.43
03.08.2021,121.97,14.97,16.98,16.5,177.34,19.54,133.28,93.1,31.98,19.45,55.96,16.71,53.78,97.36,66.55
02.08.2021,121.62,15.03,16.67,16.1,171.86,19.34,129.18,91.26,32.01,19.26,55.8,16.54,52.99,97.66,66.66
30.07.2021,120.46,15.16,16.68,16.24,173.68,19.28,129.05,91.21,32.23,19.34,54.25,16.62,53.92,96.89,65.62
29.07.2021,121.58,15.05,16.73,16.97,175.63,19.96,131.63,97.05,32.63,20.04,55.99,16.51,54.24,97.64,65.41
28.07.2021,120.82,14.82,16.61,16.76,173.33,19.91,129.98,96.36,32.8,20.4,53.77,16.91,55.4,96.99,66.3
27.07.2021,121.02,15.02,16.39,16.08,165.55,19.79,129.92,98.37,32.88,20.44,54.01,16.98,56.12,96.58,65.6
26.07.2021,122.11,15.31,16.14,16.47,166.89,19.71,129.46,96.84,33.62,20.56,53.23,17.05,56.31,94.7,66.09
23.07.2021,121,15.3,15.87,16.3,166.46,19.56,127.32,94.87,32.82,20.63,53.21,16.99,55.46,93.46,64.86
22.07.2021,120.91,15.38,15.92,16.32,165.18,19.69,127.45,94.21,32.68,20.7,53.17,17.32,55.54,93.49,65.04
21.07.2021,120.96,15.15,15.88,16.55,167.4,19.56,127.44,92.74,32.23,20.55,52.74,17.38,54.94,91.13,63.96
20.07.2021,118.04,14.77,15.77,15.88,164.84,19.15,124.17,90.42,32.05,20.21,51.54,17.25,53.29,91.32,63.99
19.07.2021,119,14.76,15.75,15.37,166.14,19.16,123.18,90.5,32.26,20.35,51.94,17.81,51.54,90.94,64.44
16.07.2021,121.95,15.14,16.04,15.71,170.6,19.78,126.8,92.66,33.2,20.72,52.5,17.99,52.91,92.64,65.88
15.07.2021,121.11,15.25,15.91,15.98,169.77,19.71,126.78,94.81,33.22,21.2,52.61,17.79,52.83,92.79,65.78
14.07.2021,118.4,15,15.94,15.66,167.36,19.65,125.81,88.49,33.27,21.23,51.69,17.64,52.88,92.8,63.36
13.07.2021,117.8,15.05,15.04,15.93,166.3,19.93,126.06,90.59,33.24,21.02,51.51,18.03,52.97,93.4,63.49
12.07.2021,117.98,15.35,14.93,16.58,167.38,19.97,127.5,91.64,33.82,21.28,52.98,17.99,54.62,93.12,62.91
09.07.2021,117.8,15.28,14.78,16.71,165.87,19.99,127.52,91.73,34.3,21.24,53.33,18.11,53.91,94.62,63.19
08.07.2021,117.95,14.88,14.69,16.28,167.1,19.68,125.02,92.21,35.35,21.03,52.98,18.29,52.64,94.17,63.91
07.07.2021,117.1,15.17,14.73,16.58,169.85,19.74,129.26,93.73,35.35,20.5,53.94,18.43,53.97,93.57,63.23
06.07.2021,117.13,15.15,14.98,16.34,168.67,19.68,128.64,93.85,35.05,20.47,53.08,18.7,56.52,93.63,63.53
05.07.2021,116.62,15.37,15.01,16.48,170.01,19.78,130.03,95.08,35.04,20.44,53.54,18.78,59.59,94.43,64.55
02.07.2021,117.12,15.29,14.8,16.47,167.67,19.69,130.38,94.8,35.02,20.49,53.56,18.64,57.5,93.42,63.8
01.07.2021,116.58,15.15,14.89,16.75,168.7,19.52,131.78,93.95,35.19,20.11,54.6,18.76,57.36,93.41,64.18
30.06.2021,115.62,14.96,15,16.82,168.13,19.72,128.76,93.76,35.37,20.57,52.14,18.44,57.02,92.91,65.07
29.06.2021,115.67,14.89,15.24,16.74,166.78,19.8,129.35,93.84,35.01,20.19,51.67,18.65,56.21,93.57,66.23
28.06.2021,114.61,14.94,15.23,17.02,167.31,19.87,129.23,92.31,35.61,20.29,51.82,18.61,56.95,92.56,65.21
25.06.2021,113.39,15.1,15.16,17.26,167.74,20.04,130.71,92.04,35.22,20.62,51.87,18.57,57.82,92.57,64.84
24.06.2021,113.4,14.89,15.32,17.18,168.12,19.83,129.58,91.87,35.34,20.96,52.35,18.73,57.88,94,64.91
23.06.2021,113.71,14.98,15.35,16.14,169.06,19.72,129.38,91.68,35.22,21.12,51.95,18.85,58.12,91.87,63.69
22.06.2021,114.85,14.95,15.65,15.94,169.31,20.11,128.56,90.92,35.5,21.4,51.56,18.99,58.22,93.25,63.36
21.06.2021,114.34,14.9,15.77,15.93,171.53,20.36,129.51,87.95,36.09,21.24,51.91,19.04,58.5,94.78,63.31
18.06.2021,114.51,14.76,15.78,15.54,170.68,20.41,131.69,89.85,35.71,21,52.13,19.25,56.46,93.84,63.49
17.06.2021,114.47,14.92,15.8,15.65,170.98,20.23,131.24,86.64,36.55,20.22,53.21,19,56.29,96.44,63.45
16.06.2021,113.04,15.12,15.64,16.21,172.14,20.45,132.52,88.34,36.61,20.47,53.16,18.92,56.14,98,64.02
15.06.2021,112.5,15,15.82,16.15,171.11,20.35,132.11,91.41,37.09,21.15,54.07,18.86,55.9,96.84,65.65
14.06.2021,111.92,15.47,16.13,16.1,171.34,20.58,130.67,92.93,37.01,21.13,55.21,19.14,56.75,101.3,64.92
11.06.2021,112.92,15.45,16.24,16.62,172.09,20.61,130.7,93.35,37.07,20.6,55.25,19.45,57.34,104.13,65.03
10.06.2021,111.8,14.77,15.92,16.42,170.05,20.6,131.63,91.66,36.72,20.18,54.77,19.31,57.06,106.24,65.21
09.06.2021,111.52,14.69,15.66,16.63,169.51,20.66,132.79,92.17,36.76,20.51,54.28,19.4,57.48,106.18,64.81
08.06.2021,111.25,14.72,15.63,16.88,168.69,21.32,132.81,90.94,36.88,21.03,55.34,19.41,57.04,106.02,65.94
07.06.2021,112.05,14.66,15.99,16.85,172.03,21.15,138.99,92.88,37.38,20.44,56.02,19.56,58.75,106.83,64.62
04.06.2021,111.46,14.79,15.35,16.37,167.53,20.33,131.83,99.69,35.77,20.19,55.34,19.27,54.83,104.44,63.84
03.06.2021,111.99,14.85,15.29,16.56,168.28,20.37,132.96,97.68,36.1,20.81,55.07,19.44,54.89,105.37,65.05
02.06.2021,110.82,14.89,15.29,16.73,167.72,20.59,133.91,98.01,36.04,20.66,55.61,19.67,54.59,108.85,64.89
01.06.2021,111.14,14.13,15.24,17.64,165.94,20.54,132.11,96.86,36.03,20.73,55.77,19.72,53.21,108.8,65.05
31.05.2021,113.04,13.98,15.58,16.81,167.39,20.23,137.48,97.14,36.07,20.94,56.41,19.82,52.9,108.48,65.4
28.05.2021,110.95,13.95,15.31,16.47,163.17,19.71,136.2,95.59,35.95,20.78,56.1,19.29,51.94,109.59,63.73
27.05.2021,106.6,13.83,15.24,16.21,161.51,19.43,138.02,92.85,35.59,20.79,57,19.05,52.7,110.06,62.75
26.05.2021,108.92,13.82,15.03,15.97,161.49,19.38,131.37,91.65,35.33,20.47,56.36,18.93,51.2,109.37,63.04
25.05.2021,109.33,13.92,14.9,15.9,162.29,19.24,131.11,91,35.05,20.33,55.32,18.88,50.15,108.07,63
24.05.2021,108.93,14.05,15.04,16.59,165,19.53,130.45,94.05,35.1,20.48,56.38,18.94,50.67,107.72,62.77
21.05.2021,109.01,14,14.97,16.54,165.18,19.39,137.3,95.78,35.4,20.1,56.37,18.72,50.49,108.84,62.88
20.05.2021,108.65,13.91,15.07,16.63,169.21,19.44,136,94.79,35.77,19.95,57.07,18.77,50.81,109.43,62.51
19.05.2021,107.99,13.88,14.8,16.27,167.17,19.46,129.29,97.95,35.3,20.01,56.76,18.67,50.06,108.82,62.55
18.05.2021,107.9,13.71,14.9,16.61,168.16,19.46,129.44,101.54,35.55,20.48,56.68,18.66,50.49,107.88,62.14
17.05.2021,107.84,13.73,14.79,16.87,162.62,19.23,125.9,100.33,35.27,19.52,56.79,18.6,50.09,107.63,62.32
14.05.2021,108.87,13.89,14.67,16.62,163.94,19.23,123.26,100.58,35.15,19.06,56.93,18.66,50.42,107.66,62.08
13.05.2021,108.47,13.81,14.76,16.14,161.44,19.07,118.11,103.61,34.9,19.47,55.64,19.01,49.55,106.66,61.75
12.05.2021,107.84,13.55,14.74,15.93,159.18,19.05,116.58,104.57,35.12,19.19,55.44,18.97,49.53,106.24,62.66
11.05.2021,109.12,13.95,14.87,17.1,158.92,19.37,117.66,109.8,35.52,19.19,56.68,18.86,50.1,110.52,63.14
10.05.2021,109.48,13.97,14.74,16.88,161.33,19.61,120.1,108.93,35.61,19.27,57,19.2,50.53,110.15,63.95
07.05.2021,108.93,14.09,14.75,17.13,158.87,19.38,119.57,100.21,35.13,19.19,56.76,18.85,50.67,109.51,65.08
06.05.2021,109.91,13.9,14.45,17.24,158.06,18.95,119.16,96.62,35.09,19.65,56.64,18.8,50.77,108.31,65.04
05.05.2021,108.95,13.78,14.16,16.86,157.55,19,118.08,93.52,35.15,19.72,55.4,19.03,50.41,107.93,64.58
04.05.2021,109.24,13.81,14.07,16.6,158.62,19.45,119.81,89.75,35.27,19.75,55.73,19.1,50.73,107.79,65.44
03.05.2021,109.54,14.02,14.17,16.42,159.21,19.57,120.29,90.93,35.22,19.88,57.37,19.1,50.96,112.76,65.87
30.04.2021,108.46,14.17,14.15,16.09,156.89,18.82,115.25,91.57,35,20.24,56.5,19.13,50.26,110.06,66.31
29.04.2021,110.12,14.11,14.31,16.14,160.98,19.68,121.25,94.77,36.03,20.72,56.7,19.32,52.35,111.37,66.06
28.04.2021,110.75,14.16,14.3,15.25,159.2,19.43,119.23,97.55,35.91,20.99,54.85,19.29,50.52,111.3,65.64
27.04.2021,111.1,14.08,14.59,15.4,159.66,19.31,118.81,100.7,35.51,20.91,55.52,19.37,51.26,113.41,65.12
26.04.2021,110.45,14,14.57,15.2,160.23,19.32,120.67,102.11,36.34,20.73,55.67,19.9,51.9,112.09,64.45
23.04.2021,111.61,13.93,14.5,15.07,160.57,19.61,121.96,101.81,37.61,20.85,55.85,20,50.76,111.29,65.05
22.04.2021,113.06,14,14.56,14.7,160.95,19.58,121.99,102.3,37.44,20.61,56.59,19.42,52.38,111.66,64.58
21.04.2021,110.99,13.49,14.5,14.85,160.6,19.5,118.72,104.35,37.26,20.55,53.8,19.48,53.38,113.06,63.28
20.04.2021,108.71,12.74,14.57,14.71,159.19,19.47,118.6,102.29,36.39,20.64,53.41,19.48,53.42,116.72,63.9
19.04.2021,104.54,12.26,14.34,14.56,156.94,19.06,119.76,102.38,35.6,20.8,52.57,19.31,53.46,114.75,62.14
16.04.2021,104.18,12.15,14.48,15.04,159.66,19.29,121.67,103.67,35.99,21.03,52.37,19.72,52.11,114.19,63.64
15.04.2021,104.05,12.05,14.28,14.97,160.66,19.21,121.72,105.18,35.34,20.71,51.91,19.94,48.76,114.75,63.26
14.04.2021,104.28,11.89,14.18,14.69,160.5,18.96,120.99,102.14,35.61,20.73,52.19,20.25,49.95,114.92,64.12
13.04.2021,104.95,11.62,14.16,13.96,161.02,18.81,117.21,101.07,35.24,20.85,51.48,20.49,40.66,113.55,64.04
12.04.2021,104.8,11.63,14.13,14.2,161.47,18.79,116.79,100.98,35.25,20.71,52.46,20.14,40.31,114.41,63.44
09.04.2021,104.58,11.69,14.11,14.42,162.91,18.7,116.81,101.57,34.85,20.73,53.2,20.28,39.78,112.23,63.94
08.04.2021,104.6,11.71,14.41,14.38,162.59,19.05,118.89,103.18,35.15,20.7,53.58,20.53,40.45,114.14,66.11
07.04.2021,103.29,11.78,14.1,14.44,161.75,19.23,118.51,105.29,34.67,20.76,55.21,20.74,39.61,113.8,63.97
06.04.2021,103.63,11.82,14.17,14.17,163.02,18.96,120.08,105.68,34.6,20.61,55.96,20.49,38.5,113.62,65.11
05.04.2021,103.06,11.72,14.28,14.66,159.66,18.86,122.72,106.66,34.52,20.52,55.79,20.83,37.16,111.56,66.86
31.03.2021,100.85,11.8,13.96,14.42,154.09,18.57,115.13,107.46,34.93,20.61,54.57,21.25,36.38,112.42,64.47
30.03.2021,103.9,12.19,14.28,14.9,157.64,18.83,117.32,103.99,34.68,20.87,57.02,21.83,38.25,111.51,66.24
29.03.2021,104.74,12.09,14.27,13.93,158.05,18.86,117.1,103.84,34.48,20.51,56.59,21.22,39.28,112.36,66.31
26.03.2021,101.63,11.86,14.05,13.83,153.73,18.44,115.12,102.4,34.44,20.94,55.95,20.17,38.98,111.06,69.95
25.03.2021,100.46,11.97,14.13,13.57,156.54,18.42,117.63,100.58,34.53,20.83,54.6,20.03,39.56,113.41,65.48
24.03.2021,101.73,11.72,14.06,13.44,157.86,18.28,112.41,100.02,34.34,20.55,53.53,20.06,38.94,112.98,64.28
23.03.2021,102.26,11.98,14.07,13.26,155.68,18.27,112.36,101.7,34.45,20.81,53.79,20.75,38.75,114.84,62.73
22.03.2021,102.35,12.22,14.26,13.82,154.93,18.81,115.95,101.81,35.45,21.09,54.8,21.33,40.54,117.4,62.3
19.03.2021,102.58,12.24,14.33,13.89,155.02,18.35,111.33,102.13,35.65,20.76,53.84,21.68,40.96,116.18,62.11
18.03.2021,102.04,12.09,14.18,14.18,152.44,19.25,116.42,103.74,35.7,20.73,54.5,21.99,37.91,116.94,63.68
17.03.2021,101.66,12.29,14.18,14.56,152.37,19.24,116.44,104.26,35.86,20.79,54.49,21.34,37.58,117.48,63.49
16.03.2021,101.95,12.26,14.3,14.68,155.73,19.44,119.9,104.49,35.65,20.72,54.52,20.34,37.49,117.96,66.29
12.03.2021,100.27,12.29,14.17,15.1,153.47,19.08,118.35,107.75,34.36,20.5,52.29,19.12,35.7,115.37,65.19
11.03.2021,100.66,12.28,14.01,15.2,155.83,19.41,117.8,106.67,35.08,20.4,52.45,19.46,35.45,115.02,64.56
10.03.2021,102.77,12.32,13.95,14.61,155.2,19.32,119.45,106.02,35.01,20.92,54.45,18.63,33.25,115.03,65.89
09.03.2021,101,12.11,13.85,14.91,155.82,19.14,113.68,105.6,35.4,21.29,53.84,18.35,32.38,113.68,64.27
08.03.2021,101.35,12.03,13.93,14.91,156.6,19.12,112.22,104.97,35.01,21.75,51.75,18.2,32.67,113.31,64.42
05.03.2021,99.2,12.18,14.05,14.63,157.22,18.86,105.64,100.2,34.99,20.72,51.6,18.3,31.55,113.88,63.23
04.03.2021,98.47,11.69,13.83,14.34,151.61,18.65,108.25,100.55,34.19,20.9,49.98,18.16,31.26,115.18,63.86
03.03.2021,97.05,11.73,13.76,15.18,146.12,18.85,112.82,103.96,34.82,20.45,50,18.26,31.5,113.74,63.12
02.03.2021,96.79,11.47,13.54,14.37,145.54,18.65,107.8,105.77,34.14,20.56,49.93,18.01,31.42,115.91,61.36
01.03.2021,95.56,11.49,13.42,14.07,143.75,18.51,105.34,99.39,34.38,20.5,48.3,18.29,30.84,113.48,60.54
26.02.2021,94.77,11.39,13.39,13.94,143.14,18.86,105.06,99.33,33.45,20.99,48.79,18.47,31.13,113.79,59.68
25.02.2021,94.72,11.3,13.52,13.66,142.87,18.08,104,99.75,33.51,20.88,46.95,18.34,30.82,113.01,59.61
24.02.2021,94.99,11.4,13.42,14.01,143.15,18.48,109.13,104.28,33.54,20.47,45.45,18.69,32.29,112.46,61.54
23.02.2021,95.56,11.5,13.52,13.29,142.48,18.66,110.28,108.29,33.6,20.81,44.34,18.97,31.89,111.29,62.75
22.02.2021,95.48,11.72,13.63,13.09,144.23,18.25,106.35,109.97,34.59,20.97,44.07,19.36,32.18,112.48,60.31
19.02.2021,98.3,12.15,13.7,12.93,143.99,19.01,106.03,101.93,34.8,21.37,45.07,19.69,32.84,112.1,62.22
18.02.2021,96.27,11.86,13.77,12.41,142.97,19.06,108.9,97.98,34.88,21.51,44.93,19.5,33.05,111.03,60.15
17.02.2021,96.5,12.05,13.9,12.93,142.46,19.37,109.98,96.29,35.14,21.81,45.08,20.19,34.27,112.77,62.92
16.02.2021,95.25,12.02,13.95,13.1,143.36,19.53,107.75,92.6,34.92,21.59,44.94,20.11,34.87,113.99,61.98
15.02.2021,94.17,12.13,13.93,13.1,137.17,19.92,107.99,89.44,35.2,22.15,43.61,20.31,33.5,113.24,61.49
12.02.2021,93.1,12.06,13.85,13.27,138.87,19.62,109.83,88.19,35.54,22.1,43.6,20.27,33.95,112.29,60.83
11.02.2021,93.2,12.11,13.55,13.27,137.43,19.27,109.54,89.97,34.87,20.84,43.82,20.26,35.09,112.6,60.32
10.02.2021,93.71,12.11,13.8,12.74,141.29,19.9,112.51,91.95,36.18,21.06,44.6,20.65,35.02,113.34,61.33
09.02.2021,95.49,12.24,13.88,12.8,141.03,19.92,114.6,93.16,36.82,21.25,44.51,20.84,34.56,111.28,62.38
08.02.2021,93,12.06,13.64,12.87,138.52,19.1,110.05,89.99,35.22,21.29,43.81,20.8,33.9,110.78,60.65
05.02.2021,94.73,12.36,13.69,12.91,139.9,19.47,109.69,87.47,35.06,21.24,43.51,20.84,33.46,110.88,60.42
04.02.2021,96.64,12.35,13.97,13.01,140.05,19.69,107.56,87.9,35.84,20.95,44.9,21,32.78,110.42,59.72
03.02.2021,93.83,12.17,13.64,12.89,137.92,19.1,106.81,91.15,36.48,21.07,45.6,20.97,32.44,109.63,58.38
02.02.2021,94.39,12.03,13.7,12.52,138.57,19.01,103.3,91.44,36.02,21.31,46.17,20.52,32.15,109.25,59.57
29.01.2021,93.07,12.9,13.67,11.76,139.7,18.28,101.57,87.84,35.81,20.99,44.18,20.59,30.99,107.72,58.35
28.01.2021,94.95,13.68,14.05,12.17,146.71,18.92,106.45,90.88,36.66,22.21,46.09,20.79,33.1,109.12,60.01
27.01.2021,94.57,13.83,14.23,11.84,148.48,19.01,103.78,90.75,36.99,22.25,46.15,21.02,33.04,108.11,60.07
26.01.2021,95.99,13.8,14.45,12.38,149.07,19.34,105.34,90.86,37.49,21.87,46.68,21.18,35.54,110.97,61.33
25.01.2021,96.02,13.48,14.61,12.43,150.29,19.07,105.77,92.27,36.46,21.94,45.75,21.83,34.76,111.61,61.26
22.01.2021,94.53,13.04,14.29,12.34,146.9,19.22,107.72,90.21,35.82,21.84,46.44,21.43,34.32,113.8,60.27
21.01.2021,95.4,13.09,14.02,12.71,146.12,19.48,109.05,90.29,35.42,21.6,45.69,21.91,33.81,111.04,61
20.01.2021,96.25,13.34,14.06,13.04,145.33,20.45,110.64,89.6,35.42,21.12,47.21,21.34,33.74,111.27,61.96
19.01.2021,97,13.6,14.09,13.07,146.8,20.04,115.05,89.13,35.36,20.17,47.66,21.15,33.19,110.01,63.99
18.01.2021,101.14,13.58,14.42,12.67,151.04,20.88,117.47,91.39,36.03,20.79,47.33,21.89,34.23,109.76,67.62
15.01.2021,101.92,13.64,14.27,12.66,149.67,20.54,116.82,88.2,35.2,20.38,47.27,21.02,33.84,110.32,65.91
14.01.2021,101.59,13.88,14.23,12.17,151.46,20.65,118.63,91.01,35.14,19.82,48.19,20.86,34.57,108.21,64.51
13.01.2021,101.23,13.77,14.43,11.41,149.04,20.74,117.02,91.02,35.34,19.7,47.01,21.27,35.25,108.5,63.19
12.01.2021,100.34,13.78,14.64,11.54,149.73,20.71,115.54,92.49,35.07,20.15,48.62,21.66,35.85,108.45,61.75
11.01.2021,101.04,13.87,15.12,11.36,150.31,20.87,118.55,93.26,35.72,19.61,50.67,22.19,36.79,110.94,60.92
08.01.2021,99.84,14.2,14.99,11.57,150.23,20.61,117.63,97.23,35.81,19.6,52.32,23.52,37.24,114.23,60.75
07.01.2021,100.35,14.36,14.97,11.65,148.45,20.8,117.24,92.61,35.51,19.81,47.97,23.47,36.54,108.82,58.71
06.01.2021,96.76,14.33,14.81,11.55,148.23,20.19,111.2,91.54,35.28,19.64,47.07,22.96,34.93,108.15,59.81
05.01.2021,95.97,14.3,14.85,10.66,148.97,20.23,109.54,90.86,34.33,18.72,46.66,22.74,34.33,108,57.96
04.01.2021,93.91,14.39,14.78,10.39,149.95,20.82,111.41,88.71,34.12,18.73,46.8,21.73,33.26,108.61,57.22
